Combinazione con errore medio più basso:
x1 = 2.0
y1 = 2.0
x2 = -2.0
y2 = -2.0
theta1_in = 15.879999999999917
theta1_out = 78.70000000000189
theta2_in = 86.06000000000105
theta2_out = 77.66000000000136
V1_post = 19.52
V2_post = 55.25
V1_pre = 14.007031289191886
V2_pre = 65.70165398647768
omega1_post = 0.7
omega2_post = 2.06
omega1_pre = 0.0
omega2_pre = 0.0
Ed = 65457.366156117205
f1 = 0.0
f2 = 0.0
J1 = 1994.188544
J2 = 3267.5564879999997
Ed_target = 65642.36
err_theta1_in = 0.06666666666671262
err_theta1_out = 0.16666666666561505
err_theta2_in = 0.03333333333391882
err_theta2_out = 0.18888888888813288
errore_Ed_[KJ] = 0.18499384388279577
errore_logico = 0.0
err_medio% = 0.11388888888859484
