Combinazione con errore medio più basso:
x1 = -5.99
y1 = -5.61
x2 = 0.22
y2 = 0.34
theta1_in = 56.079999999999984
theta1_out = 59.15999999999997
theta2_in = 198.18999999999983
theta2_out = 64.71999999999926
V1_post = 13.282513244797672
V2_post = 24.114926388154494
V1_pre = 14.445019881268
V2_pre = 131.04304067112824
omega1_post = 0.12879088281193052
omega2_post = 1.1241582915314103
omega1_pre = 0.0
omega2_pre = 0.0
Ed = 197460.78471075106
PDOF_stima = 24.950510606975566
f1 = 0.7
f2 = 0.44
J1 = 446947.19999999995
J2 = 114.04661839999997
d_post1 = 1.0
cicloide1 = 1.010471975511966
d_post2 = 5.2
cicloide2 = 5.261959188445799
Ed_target = 197305.555555556
err_theta1_in = 1.0666666666666755
err_theta1_out = 1.02222222222224
err_theta2_in = 1.0055555555556515
err_theta2_out = 0.9555555555551444
errore_Ed_[KJ] = 0.15522915519506206
errore_logico = 0.0
err_PDOF = 0.027494107235796546
err_medio% = 0.8154988214471015
